
ranveer,120050020,0,1,0,0,0

arvindjangid,11D020019,0,0,0,0,1

12d070046,12D070046,1,0,0,0,0

kumarayush83,110050038,0,0,0,0,1

120110030,120110030,0,0,0,1,1

12d070060,12D070060,1,0,0,0,0

akshay.sarode,110260010,0,1,0,0,0

rajeevranka,100040041,0,1,0,0,0

09d11048,09D11048,0,2,0,0,0

sanchit_garg,110050035,1,1,0,0,0

gokulmc,12D070062,0,1,0,0,0

12d070037,12D070037,0,0,1,0,0

100010011,100010011,0,0,0,0,1

prakharsingh16,120040077,0,0,0,0,1

abhishek_anand,100050047,0,0,1,0,0

ujwal.tambakhe,08D07002,0,0,0,0,1

uday.nath,100050055,0,0,1,0,0

sparshchadha,100010004,0,0,1,1,0

anand.soni,110050037,0,1,0,0,0

100040034,100040034,0,1,0,0,0

12d070049,12D070049,1,0,0,0,0

bhavik.,120070061,0,1,0,0,0

shees_ali,120040106,0,0,1,1,0

vamshikrishna.b,12D070061,0,0,1,0,0

shreyas.sharma,110100053,0,0,0,0,1

sharadsamaiya,110040048,0,1,0,0,0

120110019,120110019,0,0,1,1,0

120100047,120100047,0,0,0,1,0

divyansh.chug,120040056,0,1,0,1,0

tarungangwar,09D02022,0,1,0,0,0

aditya.choudhary,100100034,1,1,0,0,0

abhishekkumawat,100040039,0,0,0,0,1

sushant_hiray,110050009,0,0,0,1,0

sumeet.sb,12D070022,0,0,0,1,0

arvind_nirmal,06001006,0,0,1,1,0

svignesh,100010009,1,1,0,0,0

anuragmeena,100050029,0,0,0,1,0

garganmol1993,110050020,0,0,0,0,1

110110027,110110027,0,1,0,0,1

kapil2191,100040036,0,1,0,0,0

12d070058,12D070058,1,0,0,0,0

amitverma,06D04028,0,0,0,1,0

karthick.sachin,133010010,0,0,0,1,0

sampath_sagar,100050051,0,0,0,1,0

110050036,110050036,0,1,0,0,0

ssbl93,110050006,0,1,0,0,0

rohit_yaduvanshi,100050027,1,1,0,0,0

nayanbader,120040019,0,0,0,0,1

110040045,110040045,0,2,0,0,0

nikhilgupta,110100055,0,0,0,1,0

bharatvarmam,120040100,0,0,1,1,0

ripan.dutta,11D020021,0,0,1,0,0

133020005,133020005,0,0,0,0,1

suyash011,110110026,0,1,0,0,0

saikrishna.k,110100071,0,0,0,1,0

ashray.malhotra,11D070002,0,0,1,0,0

110040063,110040063,1,1,0,0,0

kanishak3346,100050026,0,0,0,1,0

pawan_nagwani,100050049,0,1,0,0,0

110070043,110070043,0,0,1,0,0

110100072,110100072,0,0,0,1,0

yash.bhargava,10D170008,0,0,0,0,1

mukul_vs,110260008,1,0,0,0,0

vinay_salvi,110260009,0,0,1,0,0

120110014,120110014,0,0,1,0,0

suneet_sawant,12D070019,1,0,0,0,0

110040081,110040081,0,0,0,1,0

ashish.palli,100050053,0,0,0,1,0

gargpuneet,120040036,1,0,0,0,0

rishabh.khandelwal,11D260007,0,0,0,0,1

shantanuag,110260020,1,0,0,0,0

120100054,120100054,0,1,0,0,1

120100085,120100085,0,1,0,0,0

ramandeep.ce,133040064,1,0,1,0,0

rishsamjain,09004032,0,1,0,0,0

yogeshpawde,100020003,0,0,0,0,1

mahakgupta,120040063,0,0,0,0,1

vaibhavmahatme,11D070018,0,1,0,0,0

nmsankar007,110100073,0,0,0,0,1

100040031,100040031,0,1,0,0,0

harphool,110040047,0,1,0,0,0

11d020020,11D020020,0,0,0,1,0

133300020,133300020,0,0,0,1,0

sanidhya,120100037,0,0,0,1,0

133040004,133040004,0,0,0,1,0

110050033,110050033,1,1,0,0,0

120100092,120100092,0,0,0,1,0

120100008,120100008,1,0,0,0,0

ashishsonone,110050022,1,0,0,0,0

110040084,110040084,1,0,0,0,0

133040013,133040013,0,1,0,0,0

133040006,133040006,0,1,0,0,0

srisri,133040008,0,0,1,0,0

09d11047,09D11047,0,0,2,2,0
